MEME version 5

ALPHABET= ACGT

strands: + -

Background letter frequencies
A 0.250000 C 0.250000 G 0.250000 T 0.250000

MOTIF MA0004.1 MA0004.1
letter-probability matrix: alength= 4 w= 6 nsites= 20 E= 0
 0.202381  0.773810  0.011905  0.011905 
 0.916667  0.011905  0.059524  0.011905 
 0.011905  0.964286  0.011905  0.011905 
 0.011905  0.011905  0.964286  0.011905 
 0.011905  0.011905  0.011905  0.964286 
 0.011905  0.011905  0.964286  0.011905 

MOTIF MA0006.1 MA0006.1
letter-probability matrix: alength= 4 w= 6 nsites= 24 E= 0
 0.130000  0.330000  0.090000  0.450000 
 0.010000  0.010000  0.930000  0.050000 
 0.010000  0.930000  0.010000  0.050000 
 0.010000  0.010000  0.930000  0.050000 
 0.010000  0.010000  0.010000  0.970000 
 0.010000  0.010000  0.970000  0.010000 

MOTIF MA0010.1 MA0010.1
letter-probability matrix: alength= 4 w= 14 nsites= 9 E= 0
 0.325000  0.125000  0.425000  0.125000 
 0.125000  0.125000  0.125000  0.625000 
 0.525000  0.225000  0.125000  0.125000 
 0.725000  0.025000  0.125000  0.125000 
 0.325000  0.025000  0.025000  0.625000 
 0.625000  0.025000  0.025000  0.325000 
 0.425000  0.125000  0.425000  0.025000 
 0.725000  0.025000  0.125000  0.125000 
 0.125000  0.825000  0.025000  0.025000 
 0.925000  0.025000  0.025000  0.025000 
 0.825000  0.025000  0.125000  0.025000 
 0.525000  0.025000  0.325000  0.125000 
 0.425000  0.025000  0.025000  0.525000 
 0.225000  0.325000  0.225000  0.225000 

MOTIF MA0011.1 MA0011.1
letter-probability matrix: alength= 4 w= 8 nsites= 12 E= 0
 0.250000  0.096154  0.096154  0.557692 
 0.403846  0.173077  0.096154  0.326923 
 0.019231  0.788462  0.019231  0.173077 
 0.019231  0.096154  0.019231  0.865385 
 0.942308  0.019231  0.019231  0.019231 
 0.096154  0.096154  0.173077  0.634615 
 0.173077  0.019231  0.096154  0.711538 
 0.096154  0.173077  0.096154  0.634615 

MOTIF MA0012.1 MA0012.1
letter-probability matrix: alength= 4 w= 11 nsites= 12 E= 0
 0.250000  0.096154  0.096154  0.557692 
 0.711538  0.173077  0.096154  0.019231 
 0.788462  0.019231  0.019231  0.173077 
 0.942308  0.019231  0.019231  0.019231 
 0.019231  0.788462  0.096154  0.096154 
 0.326923  0.019231  0.019231  0.634615 
 0.788462  0.019231  0.019231  0.173077 
 0.480769  0.019231  0.326923  0.173077 
 0.480769  0.096154  0.173077  0.250000 
 0.326923  0.250000  0.173077  0.250000 
 0.173077  0.250000  0.403846  0.173077 

MOTIF MA0013.1 MA0013.1
letter-probability matrix: alength= 4 w= 11 nsites= 6 E= 0
 0.178571  0.178571  0.035714  0.607143 
 0.607143  0.035714  0.035714  0.321429 
 0.321429  0.035714  0.607143  0.035714 
 0.178571  0.035714  0.035714  0.750000 
 0.750000  0.035714  0.178571  0.035714 
 0.892857  0.035714  0.035714  0.035714 
 0.750000  0.035714  0.178571  0.035714 
 0.178571  0.464286  0.178571  0.178571 
 0.464286  0.035714  0.178571  0.321429 
 0.750000  0.035714  0.035714  0.178571 
 0.464286  0.178571  0.035714  0.321429 

MOTIF MA0015.1 MA0015.1
letter-probability matrix: alength= 4 w= 10 nsites= 80 E= 0
 0.311728  0.163580  0.496914  0.027778 
 0.015432  0.027778  0.015432  0.941358 
 0.916667  0.027778  0.052469  0.003086 
 0.003086  0.114198  0.052469  0.830247 
 0.966049  0.027778  0.003086  0.003086 
 0.015432  0.052469  0.015432  0.916667 
 0.509259  0.027778  0.447531  0.015432 
 0.027778  0.114198  0.015432  0.842593 
 0.657407  0.040123  0.250000  0.052469 
 0.151235  0.361111  0.188272  0.299383 

MOTIF MA0016.1 MA0016.1
letter-probability matrix: alength= 4 w= 10 nsites= 38 E= 0
 0.006410  0.032051  0.955128  0.006410 
 0.032051  0.006410  0.929487  0.032051 
 0.006410  0.006410  0.980769  0.006410 
 0.006410  0.006410  0.980769  0.006410 
 0.006410  0.006410  0.006410  0.980769 
 0.006410  0.929487  0.032051  0.032051 
 0.903846  0.006410  0.083333  0.006410 
 0.134615  0.647436  0.083333  0.134615 
 0.134615  0.211538  0.570513  0.083333 
 0.160256  0.262821  0.416667  0.160256 

MOTIF MA0019.1 MA0019.1
letter-probability matrix: alength= 4 w= 12 nsites= 39 E= 0
 0.356250  0.181250  0.306250  0.156250 
 0.281250  0.181250  0.356250  0.181250 
 0.456250  0.081250  0.381250  0.081250 
 0.006250  0.031250  0.006250  0.956250 
 0.006250  0.006250  0.956250  0.031250 
 0.106250  0.831250  0.006250  0.056250 
 0.956250  0.031250  0.006250  0.006250 
 0.906250  0.056250  0.031250  0.006250 
 0.006250  0.156250  0.006250  0.831250 
 0.356250  0.431250  0.131250  0.081250 
 0.106250  0.581250  0.231250  0.081250 
 0.006250  0.656250  0.156250  0.181250 

MOTIF MA0020.1 MA0020.1
letter-probability matrix: alength= 4 w= 6 nsites= 21 E= 0
 0.965909  0.011364  0.011364  0.011364 
 0.965909  0.011364  0.011364  0.011364 
 0.965909  0.011364  0.011364  0.011364 
 0.011364  0.011364  0.965909  0.011364 
 0.147727  0.647727  0.102273  0.102273 
 0.329545  0.284091  0.147727  0.238636 

MOTIF MA0021.1 MA0021.1
letter-probability matrix: alength= 4 w= 6 nsites= 21 E= 0
 0.965909  0.011364  0.011364  0.011364 
 0.965909  0.011364  0.011364  0.011364 
 0.965909  0.011364  0.011364  0.011364 
 0.011364  0.011364  0.965909  0.011364 
 0.011364  0.465909  0.147727  0.375000 
 0.284091  0.284091  0.420455  0.011364 

MOTIF MA0022.1 MA0022.1
letter-probability matrix: alength= 4 w= 12 nsites= 13 E= 0
 0.017857  0.375000  0.446429  0.160714 
 0.017857  0.017857  0.875000  0.089286 
 0.017857  0.089286  0.803571  0.089286 
 0.017857  0.017857  0.732143  0.232143 
 0.089286  0.089286  0.232143  0.589286 
 0.089286  0.017857  0.160714  0.732143 
 0.089286  0.017857  0.017857  0.875000 
 0.017857  0.017857  0.017857  0.946429 
 0.017857  0.232143  0.017857  0.732143 
 0.089286  0.660714  0.017857  0.232143 
 0.089286  0.660714  0.089286  0.160714 
 0.232143  0.375000  0.375000  0.017857 

MOTIF MA0023.1 MA0023.1
letter-probability matrix: alength= 4 w= 10 nsites= 9 E= 0
 0.025000  0.125000  0.725000  0.125000 
 0.025000  0.025000  0.725000  0.225000 
 0.025000  0.025000  0.925000  0.025000 
 0.025000  0.025000  0.825000  0.125000 
 0.425000  0.125000  0.025000  0.425000 
 0.225000  0.125000  0.025000  0.625000 
 0.025000  0.025000  0.025000  0.925000 
 0.025000  0.125000  0.025000  0.825000 
 0.025000  0.925000  0.025000  0.025000 
 0.125000  0.825000  0.025000  0.025000 

MOTIF MA0026.1 MA0026.1
letter-probability matrix: alength= 4 w= 7 nsites= 17 E= 0
 0.125000  0.680556  0.125000  0.069444 
 0.291667  0.680556  0.013889  0.013889 
 0.013889  0.013889  0.958333  0.013889 
 0.013889  0.013889  0.958333  0.013889 
 0.958333  0.013889  0.013889  0.013889 
 0.958333  0.013889  0.013889  0.013889 
 0.291667  0.069444  0.569444  0.069444 

MOTIF MA0029.1 MA0029.1
letter-probability matrix: alength= 4 w= 14 nsites= 27 E= 0
 0.508929  0.080357  0.223214  0.187500 
 0.723214  0.044643  0.080357  0.151786 
 0.008929  0.044643  0.901786  0.044643 
 0.973214  0.008929  0.008929  0.008929 
 0.044643  0.366071  0.008929  0.580357 
 0.973214  0.008929  0.008929  0.008929 
 0.937500  0.008929  0.044643  0.008929 
 0.008929  0.008929  0.973214  0.008929 
 0.973214  0.008929  0.008929  0.008929 
 0.008929  0.116071  0.008929  0.866071 
 0.866071  0.044643  0.008929  0.080357 
 0.830357  0.008929  0.151786  0.008929 
 0.223214  0.258929  0.258929  0.258929 
 0.544643  0.223214  0.116071  0.116071 

MOTIF MA0030.1 MA0030.1
letter-probability matrix: alength= 4 w= 14 nsites= 27 E= 0
 0.044643  0.366071  0.258929  0.330357 
 0.366071  0.258929  0.187500  0.187500 
 0.616071  0.151786  0.080357  0.151786 
 0.437500  0.187500  0.187500  0.187500 
 0.151786  0.473214  0.366071  0.008929 
 0.258929  0.008929  0.723214  0.008929 
 0.008929  0.008929  0.008929  0.973214 
 0.973214  0.008929  0.008929  0.008929 
 0.973214  0.008929  0.008929  0.008929 
 0.973214  0.008929  0.008929  0.008929 
 0.008929  0.901786  0.008929  0.080357 
 0.973214  0.008929  0.008929  0.008929 
 0.580357  0.151786  0.080357  0.187500 
 0.258929  0.151786  0.223214  0.366071 

MOTIF MA0031.1 MA0031.1
letter-probability matrix: alength= 4 w= 8 nsites= 20 E= 0
 0.059524  0.059524  0.821429  0.059524 
 0.011905  0.011905  0.011905  0.964286 
 0.916667  0.059524  0.011905  0.011905 
 0.964286  0.011905  0.011905  0.011905 
 0.869048  0.059524  0.059524  0.011905 
 0.059524  0.869048  0.011905  0.059524 
 0.964286  0.011905  0.011905  0.011905 
 0.345238  0.107143  0.154762  0.392857 

MOTIF MA0034.1 MA0034.1
letter-probability matrix: alength= 4 w= 10 nsites= 25 E= 0
 0.163462  0.240385  0.432692  0.163462 
 0.394231  0.201923  0.278846  0.125000 
 0.125000  0.509615  0.009615  0.355769 
 0.894231  0.048077  0.048077  0.009615 
 0.971154  0.009615  0.009615  0.009615 
 0.048077  0.932692  0.009615  0.009615 
 0.125000  0.548077  0.240385  0.086538 
 0.240385  0.009615  0.740385  0.009615 
 0.394231  0.432692  0.009615  0.163462 
 0.201923  0.740385  0.048077  0.009615 

MOTIF MA0040.1 MA0040.1
letter-probability matrix: alength= 4 w= 11 nsites= 18 E= 0
 0.223684  0.223684  0.171053  0.381579 
 0.697368  0.065789  0.171053  0.065789 
 0.276316  0.118421  0.013158  0.592105 
 0.171053  0.013158  0.013158  0.802632 
 0.013158  0.013158  0.960526  0.013158 
 0.013158  0.013158  0.013158  0.960526 
 0.013158  0.013158  0.013158  0.960526 
 0.013158  0.013158  0.013158  0.960526 
 0.907895  0.013158  0.065789  0.013158 
 0.013158  0.065789  0.223684  0.697368 
 0.328947  0.013158  0.171053  0.486842 

MOTIF MA0049.1 MA0049.1
letter-probability matrix: alength= 4 w= 10 nsites= 16 E= 0
 0.073529  0.308824  0.485294  0.132353 
 0.367647  0.485294  0.132353  0.014706 
 0.544118  0.191176  0.250000  0.014706 
 0.250000  0.191176  0.073529  0.485294 
 0.779412  0.073529  0.014706  0.132353 
 0.955882  0.014706  0.014706  0.014706 
 0.955882  0.014706  0.014706  0.014706 
 0.838235  0.014706  0.132353  0.014706 
 0.897059  0.073529  0.014706  0.014706 
 0.544118  0.132353  0.132353  0.191176 

MOTIF MA0051.1 MA0051.1
letter-probability matrix: alength= 4 w= 18 nsites= 12 E= 0
 0.019231  0.326923  0.557692  0.096154 
 0.173077  0.019231  0.788462  0.019231 
 0.942308  0.019231  0.019231  0.019231 
 0.865385  0.019231  0.019231  0.096154 
 0.942308  0.019231  0.019231  0.019231 
 0.173077  0.019231  0.788462  0.019231 
 0.019231  0.480769  0.019231  0.480769 
 0.019231  0.019231  0.942308  0.019231 
 0.942308  0.019231  0.019231  0.019231 
 0.942308  0.019231  0.019231  0.019231 
 0.942308  0.019231  0.019231  0.019231 
 0.019231  0.480769  0.480769  0.019231 
 0.019231  0.557692  0.173077  0.250000 
 0.403846  0.173077  0.250000  0.173077 
 0.480769  0.019231  0.173077  0.326923 
 0.480769  0.096154  0.096154  0.326923 
 0.403846  0.173077  0.096154  0.326923 
 0.250000  0.480769  0.096154  0.173077 

MOTIF MA0053.1 MA0053.1
letter-probability matrix: alength= 4 w= 5 nsites= 15 E= 0
 0.953125  0.015625  0.015625  0.015625 
 0.953125  0.015625  0.015625  0.015625 
 0.953125  0.015625  0.015625  0.015625 
 0.015625  0.015625  0.953125  0.015625 
 0.203125  0.578125  0.015625  0.203125 

MOTIF MA0054.1 MA0054.1
letter-probability matrix: alength= 4 w= 9 nsites= 70 E= 0
 0.271127  0.045775  0.031690  0.651408 
 0.904930  0.017606  0.031690  0.045775 
 0.890845  0.003521  0.031690  0.073944 
 0.059859  0.876761  0.045775  0.017606 
 0.144366  0.383803  0.228873  0.242958 
 0.144366  0.031690  0.750000  0.073944 
 0.186620  0.116197  0.003521  0.693662 
 0.045775  0.242958  0.017606  0.693662 
 0.397887  0.017606  0.003521  0.580986 

MOTIF MA0059.1 MA0059.1
letter-probability matrix: alength= 4 w= 11 nsites= 21 E= 0
 0.329545  0.056818  0.420455  0.193182 
 0.693182  0.056818  0.193182  0.056818 
 0.102273  0.420455  0.420455  0.056818 
 0.056818  0.920455  0.011364  0.011364 
 0.965909  0.011364  0.011364  0.011364 
 0.011364  0.920455  0.011364  0.056818 
 0.056818  0.011364  0.920455  0.011364 
 0.011364  0.056818  0.011364  0.920455 
 0.011364  0.011364  0.965909  0.011364 
 0.056818  0.056818  0.829545  0.056818 
 0.147727  0.238636  0.011364  0.602273 

MOTIF MA0064.1 MA0064.1
letter-probability matrix: alength= 4 w= 5 nsites= 16 E= 0
 0.955882  0.014706  0.014706  0.014706 
 0.955882  0.014706  0.014706  0.014706 
 0.955882  0.014706  0.014706  0.014706 
 0.014706  0.014706  0.955882  0.014706 
 0.073529  0.544118  0.073529  0.308824 

MOTIF MA0066.1 MA0066.1
letter-probability matrix: alength= 4 w= 20 nsites= 28 E= 0
 0.112069  0.284483  0.491379  0.112069 
 0.112069  0.008621  0.008621  0.870690 
 0.663793  0.008621  0.318966  0.008621 
 0.008621  0.043103  0.939655  0.008621 
 0.043103  0.008621  0.905172  0.043103 
 0.008621  0.043103  0.146552  0.801724 
 0.077586  0.801724  0.112069  0.008621 
 0.905172  0.043103  0.008621  0.043103 
 0.181034  0.525862  0.146552  0.146552 
 0.181034  0.250000  0.353448  0.215517 
 0.146552  0.077586  0.629310  0.146552 
 0.043103  0.008621  0.077586  0.870690 
 0.077586  0.181034  0.698276  0.043103 
 0.767241  0.181034  0.008621  0.043103 
 0.043103  0.939655  0.008621  0.008621 
 0.008621  0.870690  0.008621  0.112069 
 0.112069  0.422414  0.008621  0.456897 
 0.767241  0.181034  0.008621  0.043103 
 0.181034  0.422414  0.215517  0.181034 
 0.250000  0.008621  0.043103  0.698276 

MOTIF MA0069.1 MA0069.1
letter-probability matrix: alength= 4 w= 14 nsites= 43 E= 0
 0.051136  0.096591  0.096591  0.755682 
 0.051136  0.051136  0.005682  0.892045 
 0.096591  0.596591  0.028409  0.278409 
 0.892045  0.051136  0.028409  0.028409 
 0.073864  0.778409  0.028409  0.119318 
 0.028409  0.005682  0.937500  0.028409 
 0.028409  0.846591  0.096591  0.028409 
 0.482955  0.051136  0.051136  0.414773 
 0.028409  0.096591  0.028409  0.846591 
 0.051136  0.323864  0.573864  0.051136 
 0.823864  0.005682  0.142045  0.028409 
 0.255682  0.255682  0.301136  0.187500 
 0.028409  0.119318  0.073864  0.778409 
 0.028409  0.005682  0.392045  0.573864 

MOTIF MA0070.1 MA0070.1
letter-probability matrix: alength= 4 w= 12 nsites= 18 E= 0
 0.276316  0.328947  0.118421  0.276316 
 0.171053  0.486842  0.171053  0.171053 
 0.855263  0.065789  0.065789  0.013158 
 0.065789  0.065789  0.013158  0.855263 
 0.013158  0.960526  0.013158  0.013158 
 0.907895  0.065789  0.013158  0.013158 
 0.907895  0.013158  0.013158  0.065789 
 0.013158  0.013158  0.065789  0.907895 
 0.013158  0.960526  0.013158  0.013158 
 0.855263  0.065789  0.013158  0.065789 
 0.644737  0.013158  0.065789  0.276316 
 0.434211  0.118421  0.118421  0.328947 

MOTIF MA0071.1 MA0071.1
letter-probability matrix: alength= 4 w= 10 nsites= 25 E= 0
 0.586538  0.048077  0.086538  0.278846 
 0.355769  0.048077  0.009615  0.586538 
 0.240385  0.471154  0.163462  0.125000 
 0.432692  0.086538  0.201923  0.278846 
 0.817308  0.009615  0.163462  0.009615 
 0.009615  0.009615  0.971154  0.009615 
 0.009615  0.009615  0.971154  0.009615 
 0.009615  0.009615  0.009615  0.971154 
 0.009615  0.971154  0.009615  0.009615 
 0.971154  0.009615  0.009615  0.009615 

MOTIF MA0072.1 MA0072.1
letter-probability matrix: alength= 4 w= 14 nsites= 36 E= 0
 0.250000  0.222973  0.222973  0.304054 
 0.466216  0.060811  0.195946  0.277027 
 0.412162  0.006757  0.087838  0.493243 
 0.952703  0.033784  0.006757  0.006757 
 0.628378  0.006757  0.006757  0.358108 
 0.060811  0.331081  0.358108  0.250000 
 0.006757  0.006757  0.006757  0.979730 
 0.763514  0.006757  0.222973  0.006757 
 0.006757  0.006757  0.979730  0.006757 
 0.006757  0.006757  0.979730  0.006757 
 0.006757  0.006757  0.006757  0.979730 
 0.006757  0.979730  0.006757  0.006757 
 0.979730  0.006757  0.006757  0.006757 
 0.412162  0.168919  0.277027  0.141892 

MOTIF MA0073.1 MA0073.1
letter-probability matrix: alength= 4 w= 20 nsites= 11 E= 0
 0.270833  0.687500  0.020833  0.020833 
 0.104167  0.854167  0.020833  0.020833 
 0.270833  0.687500  0.020833  0.020833 
 0.020833  0.937500  0.020833  0.020833 
 0.604167  0.354167  0.020833  0.020833 
 0.770833  0.187500  0.020833  0.020833 
 0.687500  0.270833  0.020833  0.020833 
 0.354167  0.520833  0.020833  0.104167 
 0.020833  0.937500  0.020833  0.020833 
 0.937500  0.020833  0.020833  0.020833 
 0.354167  0.604167  0.020833  0.020833 
 0.104167  0.854167  0.020833  0.020833 
 0.270833  0.687500  0.020833  0.020833 
 0.354167  0.520833  0.104167  0.020833 
 0.187500  0.770833  0.020833  0.020833 
 0.354167  0.437500  0.020833  0.187500 
 0.354167  0.437500  0.104167  0.104167 
 0.354167  0.520833  0.020833  0.104167 
 0.104167  0.604167  0.270833  0.020833 
 0.354167  0.354167  0.187500  0.104167 

MOTIF MA0074.1 MA0074.1
letter-probability matrix: alength= 4 w= 15 nsites= 10 E= 0
 0.295455  0.022727  0.659091  0.022727 
 0.022727  0.022727  0.931818  0.022727 
 0.022727  0.022727  0.840909  0.113636 
 0.022727  0.022727  0.022727  0.931818 
 0.022727  0.840909  0.022727  0.113636 
 0.840909  0.022727  0.113636  0.022727 
 0.386364  0.204545  0.022727  0.386364 
 0.204545  0.386364  0.204545  0.204545 
 0.204545  0.022727  0.750000  0.022727 
 0.477273  0.022727  0.477273  0.022727 
 0.022727  0.022727  0.931818  0.022727 
 0.022727  0.022727  0.022727  0.931818 
 0.113636  0.022727  0.022727  0.840909 
 0.022727  0.840909  0.022727  0.113636 
 0.659091  0.113636  0.204545  0.022727 

MOTIF MA0077.1 MA0077.1
letter-probability matrix: alength= 4 w= 9 nsites= 76 E= 0
 0.042208  0.717532  0.120130  0.120130 
 0.107143  0.496753  0.081169  0.314935 
 0.925325  0.016234  0.003247  0.055195 
 0.029221  0.016234  0.029221  0.925325 
 0.094156  0.003247  0.055195  0.847403 
 0.029221  0.029221  0.938312  0.003247 
 0.172078  0.003247  0.055195  0.769481 
 0.120130  0.094156  0.081169  0.704545 
 0.185065  0.405844  0.094156  0.314935 

MOTIF MA0082.1 MA0082.1
letter-probability matrix: alength= 4 w= 14 nsites= 30 E= 0
 0.362903  0.459677  0.040323  0.137097 
 0.008065  0.717742  0.008065  0.266129 
 0.782258  0.008065  0.137097  0.072581 
 0.524194  0.072581  0.040323  0.362903 
 0.750000  0.008065  0.008065  0.233871 
 0.556452  0.008065  0.008065  0.427419 
 0.782258  0.040323  0.008065  0.169355 
 0.266129  0.008065  0.040323  0.685484 
 0.459677  0.040323  0.491935  0.008065 
 0.040323  0.040323  0.911290  0.008065 
 0.459677  0.169355  0.040323  0.330645 
 0.814516  0.169355  0.008065  0.008065 
 0.685484  0.072581  0.104839  0.137097 
 0.233871  0.169355  0.266129  0.330645 

MOTIF MA0084.1 MA0084.1
letter-probability matrix: alength= 4 w= 9 nsites= 28 E= 0
 0.181034  0.181034  0.353448  0.284483 
 0.284483  0.112069  0.146552  0.456897 
 0.525862  0.008621  0.112069  0.353448 
 0.629310  0.112069  0.112069  0.146552 
 0.870690  0.008621  0.008621  0.112069 
 0.008621  0.905172  0.008621  0.077586 
 0.974138  0.008621  0.008621  0.008621 
 0.939655  0.008621  0.043103  0.008621 
 0.250000  0.008621  0.077586  0.663793 

MOTIF MA0085.1 MA0085.1
letter-probability matrix: alength= 4 w= 16 nsites= 10 E= 0
 0.113636  0.295455  0.295455  0.295455 
 0.022727  0.386364  0.022727  0.568182 
 0.022727  0.022727  0.931818  0.022727 
 0.022727  0.022727  0.022727  0.931818 
 0.022727  0.022727  0.931818  0.022727 
 0.295455  0.022727  0.659091  0.022727 
 0.022727  0.022727  0.931818  0.022727 
 0.931818  0.022727  0.022727  0.022727 
 0.931818  0.022727  0.022727  0.022727 
 0.477273  0.477273  0.022727  0.022727 
 0.113636  0.659091  0.113636  0.113636 
 0.113636  0.204545  0.386364  0.295455 
 0.386364  0.204545  0.204545  0.204545 
 0.295455  0.113636  0.386364  0.204545 
 0.386364  0.295455  0.204545  0.113636 
 0.204545  0.113636  0.204545  0.477273 

MOTIF MA0091.1 MA0091.1
letter-probability matrix: alength= 4 w= 12 nsites= 44 E= 0
 0.294444  0.316667  0.183333  0.205556 
 0.205556  0.227778  0.450000  0.116667 
 0.872222  0.005556  0.072222  0.050000 
 0.450000  0.538889  0.005556  0.005556 
 0.005556  0.961111  0.027778  0.005556 
 0.983333  0.005556  0.005556  0.005556 
 0.005556  0.027778  0.250000  0.716667 
 0.272222  0.716667  0.005556  0.005556 
 0.005556  0.005556  0.005556  0.983333 
 0.005556  0.005556  0.961111  0.027778 
 0.005556  0.072222  0.450000  0.472222 
 0.094444  0.094444  0.050000  0.761111 

MOTIF MA0092.1 MA0092.1
letter-probability matrix: alength= 4 w= 10 nsites= 29 E= 0
 0.141667  0.275000  0.341667  0.241667 
 0.341667  0.008333  0.508333  0.141667 
 0.075000  0.075000  0.041667  0.808333 
 0.008333  0.941667  0.008333  0.041667 
 0.008333  0.008333  0.008333  0.975000 
 0.008333  0.008333  0.975000  0.008333 
 0.008333  0.108333  0.841667  0.041667 
 0.308333  0.475000  0.041667  0.175000 
 0.541667  0.008333  0.108333  0.341667 
 0.175000  0.141667  0.141667  0.541667 

MOTIF MA0096.1 MA0096.1
letter-probability matrix: alength= 4 w= 7 nsites= 35 E= 0
 0.423611  0.423611  0.145833  0.006944 
 0.006944  0.006944  0.006944  0.979167 
 0.006944  0.006944  0.979167  0.006944 
 0.979167  0.006944  0.006944  0.006944 
 0.006944  0.979167  0.006944  0.006944 
 0.006944  0.006944  0.979167  0.006944 
 0.006944  0.006944  0.006944  0.979167 

MOTIF MA0097.1 MA0097.1
letter-probability matrix: alength= 4 w= 12 nsites= 33 E= 0
 0.036765  0.007353  0.919118  0.036765 
 0.507353  0.007353  0.477941  0.007353 
 0.007353  0.007353  0.007353  0.977941 
 0.007353  0.007353  0.977941  0.007353 
 0.977941  0.007353  0.007353  0.007353 
 0.007353  0.977941  0.007353  0.007353 
 0.007353  0.007353  0.977941  0.007353 
 0.007353  0.007353  0.007353  0.977941 
 0.007353  0.036765  0.948529  0.007353 
 0.036765  0.007353  0.654412  0.301471 
 0.330882  0.595588  0.036765  0.036765 
 0.036765  0.948529  0.007353  0.007353 

MOTIF MA0101.1 MA0101.1
letter-probability matrix: alength= 4 w= 10 nsites= 17 E= 0
 0.013889  0.291667  0.458333  0.236111 
 0.013889  0.069444  0.847222  0.069444 
 0.069444  0.013889  0.847222  0.069444 
 0.291667  0.069444  0.513889  0.125000 
 0.347222  0.291667  0.180556  0.180556 
 0.291667  0.069444  0.069444  0.569444 
 0.069444  0.013889  0.013889  0.902778 
 0.125000  0.013889  0.013889  0.847222 
 0.013889  0.847222  0.013889  0.125000 
 0.069444  0.902778  0.013889  0.013889 

MOTIF MA0107.1 MA0107.1
letter-probability matrix: alength= 4 w= 10 nsites= 18 E= 0
 0.013158  0.223684  0.592105  0.171053 
 0.013158  0.013158  0.907895  0.065789 
 0.013158  0.013158  0.960526  0.013158 
 0.592105  0.013158  0.381579  0.013158 
 0.539474  0.171053  0.223684  0.065789 
 0.118421  0.013158  0.013158  0.855263 
 0.013158  0.013158  0.013158  0.960526 
 0.013158  0.118421  0.013158  0.855263 
 0.013158  0.960526  0.013158  0.013158 
 0.013158  0.960526  0.013158  0.013158 

MOTIF MA0108.2 MA0108.2
letter-probability matrix: alength= 4 w= 15 nsites= 389 E= 0
 0.157051  0.372436  0.390385  0.080128 
 0.041667  0.118590  0.046795  0.792949 
 0.903205  0.000641  0.005769  0.090385 
 0.008333  0.026282  0.005769  0.959615 
 0.908333  0.000641  0.013462  0.077564 
 0.687821  0.000641  0.000641  0.310897 
 0.923718  0.008333  0.051923  0.016026 
 0.569872  0.005769  0.113462  0.310897 
 0.398077  0.113462  0.403205  0.085256 
 0.144231  0.346795  0.385256  0.123718 
 0.213462  0.377564  0.328846  0.080128 
 0.210897  0.326282  0.328846  0.133974 
 0.210897  0.303205  0.328846  0.157051 
 0.175000  0.275000  0.357051  0.192949 
 0.198077  0.259615  0.359615  0.182692 

MOTIF MA0111.1 MA0111.1
letter-probability matrix: alength= 4 w= 11 nsites= 12 E= 0
 0.711538  0.019231  0.250000  0.019231 
 0.019231  0.173077  0.711538  0.096154 
 0.173077  0.019231  0.788462  0.019231 
 0.019231  0.019231  0.865385  0.096154 
 0.096154  0.019231  0.096154  0.788462 
 0.634615  0.019231  0.019231  0.326923 
 0.480769  0.019231  0.173077  0.326923 
 0.096154  0.711538  0.173077  0.019231 
 0.788462  0.019231  0.173077  0.019231 
 0.019231  0.096154  0.711538  0.173077 
 0.173077  0.634615  0.173077  0.019231 

MOTIF MA0115.1 MA0115.1
letter-probability matrix: alength= 4 w= 17 nsites= 25 E= 0
 0.663462  0.201923  0.009615  0.125000 
 0.663462  0.048077  0.201923  0.086538 
 0.778846  0.009615  0.201923  0.009615 
 0.009615  0.009615  0.971154  0.009615 
 0.009615  0.009615  0.932692  0.048077 
 0.009615  0.009615  0.009615  0.971154 
 0.009615  0.971154  0.009615  0.009615 
 0.971154  0.009615  0.009615  0.009615 
 0.932692  0.009615  0.009615  0.048077 
 0.971154  0.009615  0.009615  0.009615 
 0.009615  0.009615  0.971154  0.009615 
 0.009615  0.009615  0.971154  0.009615 
 0.009615  0.009615  0.009615  0.971154 
 0.009615  0.971154  0.009615  0.009615 
 0.971154  0.009615  0.009615  0.009615 
 0.778846  0.048077  0.086538  0.086538 
 0.009615  0.586538  0.240385  0.163462 

MOTIF MA0116.1 MA0116.1
letter-probability matrix: alength= 4 w= 15 nsites= 33 E= 0
 0.213235  0.125000  0.654412  0.007353 
 0.007353  0.477941  0.507353  0.007353 
 0.477941  0.507353  0.007353  0.007353 
 0.507353  0.477941  0.007353  0.007353 
 0.007353  0.977941  0.007353  0.007353 
 0.007353  0.977941  0.007353  0.007353 
 0.036765  0.507353  0.007353  0.448529 
 0.713235  0.007353  0.007353  0.272059 
 0.389706  0.007353  0.477941  0.125000 
 0.007353  0.007353  0.977941  0.007353 
 0.007353  0.007353  0.977941  0.007353 
 0.007353  0.007353  0.507353  0.477941 
 0.007353  0.007353  0.477941  0.507353 
 0.007353  0.242647  0.477941  0.272059 
 0.330882  0.654412  0.007353  0.007353 

MOTIF MA0118.1 MA0118.1
letter-probability matrix: alength= 4 w= 9 nsites= 42 E= 0
 0.122093  0.354651  0.145349  0.377907 
 0.215116  0.052326  0.540698  0.191860 
 0.005814  0.005814  0.982558  0.005814 
 0.005814  0.005814  0.982558  0.005814 
 0.075581  0.098837  0.540698  0.284884 
 0.005814  0.005814  0.982558  0.005814 
 0.122093  0.168605  0.354651  0.354651 
 0.122093  0.331395  0.098837  0.447674 
 0.308140  0.331395  0.238372  0.122093 

MOTIF MA0119.1 MA0119.1
letter-probability matrix: alength= 4 w= 14 nsites= 16 E= 0
 0.014706  0.014706  0.014706  0.955882 
 0.014706  0.014706  0.955882  0.014706 
 0.014706  0.014706  0.955882  0.014706 
 0.014706  0.955882  0.014706  0.014706 
 0.838235  0.073529  0.014706  0.073529 
 0.132353  0.485294  0.308824  0.073529 
 0.132353  0.485294  0.250000  0.132353 
 0.426471  0.073529  0.308824  0.191176 
 0.250000  0.191176  0.132353  0.426471 
 0.014706  0.014706  0.955882  0.014706 
 0.014706  0.955882  0.014706  0.014706 
 0.014706  0.955882  0.014706  0.014706 
 0.955882  0.014706  0.014706  0.014706 
 0.838235  0.014706  0.073529  0.073529 

MOTIF MA0121.1 MA0121.1
letter-probability matrix: alength= 4 w= 8 nsites= 15 E= 0
 0.890625  0.078125  0.015625  0.015625 
 0.015625  0.015625  0.953125  0.015625 
 0.890625  0.015625  0.078125  0.015625 
 0.015625  0.015625  0.015625  0.953125 
 0.265625  0.390625  0.015625  0.328125 
 0.078125  0.515625  0.015625  0.390625 
 0.015625  0.015625  0.578125  0.390625 
 0.203125  0.390625  0.265625  0.140625 

MOTIF MA0123.1 MA0123.1
letter-probability matrix: alength= 4 w= 10 nsites= 49 E= 0
 0.005000  0.985000  0.005000  0.005000 
 0.245000  0.005000  0.745000  0.005000 
 0.005000  0.405000  0.585000  0.005000 
 0.005000  0.465000  0.025000  0.505000 
 0.025000  0.065000  0.905000  0.005000 
 0.005000  0.905000  0.085000  0.005000 
 0.105000  0.565000  0.125000  0.205000 
 0.065000  0.505000  0.225000  0.205000 
 0.065000  0.625000  0.105000  0.205000 
 0.085000  0.525000  0.145000  0.245000 

MOTIF MA0125.1 MA0125.1
letter-probability matrix: alength= 4 w= 8 nsites= 38 E= 0
 0.006410  0.032051  0.006410  0.955128 
 0.929487  0.006410  0.006410  0.057692 
 0.980769  0.006410  0.006410  0.006410 
 0.032051  0.032051  0.057692  0.878205 
 0.057692  0.006410  0.108974  0.826923 
 0.391026  0.006410  0.570513  0.032051 
 0.108974  0.314103  0.467949  0.108974 
 0.057692  0.339744  0.160256  0.442308 

MOTIF MA0126.1 MA0126.1
letter-probability matrix: alength= 4 w= 9 nsites= 21 E= 0
 0.465909  0.193182  0.011364  0.329545 
 0.056818  0.193182  0.647727  0.102273 
 0.193182  0.102273  0.102273  0.602273 
 0.920455  0.011364  0.011364  0.056818 
 0.965909  0.011364  0.011364  0.011364 
 0.011364  0.965909  0.011364  0.011364 
 0.329545  0.238636  0.147727  0.284091 
 0.011364  0.011364  0.965909  0.011364 
 0.238636  0.193182  0.102273  0.465909 

MOTIF MA0127.1 MA0127.1
letter-probability matrix: alength= 4 w= 10 nsites= 42 E= 0
 0.703488  0.052326  0.191860  0.052326 
 0.145349  0.447674  0.168605  0.238372 
 0.029070  0.005814  0.052326  0.912791 
 0.098837  0.005814  0.098837  0.796512 
 0.075581  0.773256  0.052326  0.098837 
 0.005814  0.052326  0.052326  0.889535 
 0.052326  0.005814  0.029070  0.912791 
 0.750000  0.168605  0.052326  0.029070 
 0.098837  0.075581  0.005814  0.819767 
 0.052326  0.122093  0.331395  0.494186 

MOTIF MA0128.1 MA0128.1
letter-probability matrix: alength= 4 w= 8 nsites= 13 E= 0
 0.660714  0.017857  0.017857  0.303571 
 0.089286  0.517857  0.303571  0.089286 
 0.946429  0.017857  0.017857  0.017857 
 0.017857  0.875000  0.017857  0.089286 
 0.017857  0.017857  0.946429  0.017857 
 0.017857  0.017857  0.017857  0.946429 
 0.017857  0.089286  0.875000  0.017857 
 0.017857  0.089286  0.875000  0.017857 

MOTIF MA0129.1 MA0129.1
letter-probability matrix: alength= 4 w= 7 nsites= 15 E= 0
 0.265625  0.265625  0.015625  0.453125 
 0.828125  0.015625  0.078125  0.078125 
 0.015625  0.890625  0.015625  0.078125 
 0.140625  0.015625  0.828125  0.015625 
 0.078125  0.015625  0.015625  0.890625 
 0.015625  0.953125  0.015625  0.015625 
 0.828125  0.015625  0.078125  0.078125 

MOTIF MA0130.1 MA0130.1
letter-probability matrix: alength= 4 w= 6 nsites= 16 E= 0
 0.426471  0.367647  0.191176  0.014706 
 0.191176  0.132353  0.014706  0.661765 
 0.014706  0.955882  0.014706  0.014706 
 0.014706  0.955882  0.014706  0.014706 
 0.955882  0.014706  0.014706  0.014706 
 0.014706  0.897059  0.073529  0.014706 

MOTIF MA0135.1 MA0135.1
letter-probability matrix: alength= 4 w= 13 nsites= 20 E= 0
 0.440476  0.011905  0.154762  0.392857 
 0.773810  0.107143  0.107143  0.011905 
 0.916667  0.011905  0.011905  0.059524 
 0.011905  0.011905  0.011905  0.964286 
 0.011905  0.011905  0.011905  0.964286 
 0.916667  0.011905  0.011905  0.059524 
 0.964286  0.011905  0.011905  0.011905 
 0.107143  0.107143  0.011905  0.773810 
 0.011905  0.059524  0.011905  0.916667 
 0.773810  0.059524  0.011905  0.154762 
 0.440476  0.011905  0.154762  0.392857 
 0.107143  0.392857  0.011905  0.488095 
 0.107143  0.440476  0.154762  0.297619 

MOTIF MA0139.1 MA0139.1
letter-probability matrix: alength= 4 w= 19 nsites= 913 E= 0
 0.095460  0.318654  0.083425  0.502462 
 0.182987  0.158917  0.453228  0.204869 
 0.307713  0.053884  0.491521  0.146882 
 0.061543  0.875547  0.023249  0.039661 
 0.009026  0.988239  0.000274  0.002462 
 0.814278  0.014497  0.071389  0.099836 
 0.044037  0.577954  0.365700  0.012309 
 0.117341  0.475109  0.052790  0.354759 
 0.932440  0.012309  0.035284  0.019967 
 0.005744  0.000274  0.990427  0.003556 
 0.365700  0.003556  0.620624  0.010120 
 0.059354  0.013403  0.552790  0.374453 
 0.013403  0.000274  0.977298  0.009026 
 0.061543  0.009026  0.851477  0.077954 
 0.114059  0.806619  0.005744  0.073578 
 0.409464  0.014497  0.557166  0.018873 
 0.089989  0.530908  0.338348  0.040755 
 0.129376  0.354759  0.080142  0.435722 
 0.443381  0.199398  0.292396  0.064825 

MOTIF MA0142.1 MA0142.1
letter-probability matrix: alength= 4 w= 15 nsites= 1364 E= 0
 0.046337  0.619963  0.048535  0.285165 
 0.423626  0.042674  0.020696  0.513004 
 0.008242  0.036813  0.026557  0.928388 
 0.034615  0.008974  0.058059  0.898352 
 0.086630  0.265385  0.601648  0.046337 
 0.302747  0.013370  0.021429  0.662454 
 0.150366  0.266850  0.135714  0.447070 
 0.901282  0.022161  0.017766  0.058791 
 0.012637  0.003846  0.011172  0.972344 
 0.007509  0.011905  0.904212  0.076374 
 0.010440  0.751832  0.094689  0.143040 
 0.768681  0.011905  0.022161  0.197253 
 0.651465  0.050000  0.230952  0.067582 
 0.881502  0.024359  0.055128  0.039011 
 0.145238  0.087363  0.151832  0.615568 

MOTIF MA0149.1 MA0149.1
letter-probability matrix: alength= 4 w= 18 nsites= 105 E= 0
 0.002358  0.002358  0.992925  0.002358 
 0.021226  0.002358  0.974057  0.002358 
 0.983491  0.002358  0.011792  0.002358 
 0.983491  0.002358  0.011792  0.002358 
 0.011792  0.002358  0.983491  0.002358 
 0.021226  0.002358  0.964623  0.011792 
 0.974057  0.002358  0.021226  0.002358 
 0.964623  0.002358  0.030660  0.002358 
 0.002358  0.002358  0.983491  0.011792 
 0.002358  0.021226  0.974057  0.002358 
 0.936321  0.040094  0.021226  0.002358 
 0.992925  0.002358  0.002358  0.002358 
 0.002358  0.002358  0.992925  0.002358 
 0.002358  0.021226  0.974057  0.002358 
 0.945755  0.030660  0.002358  0.021226 
 0.964623  0.002358  0.021226  0.011792 
 0.049528  0.002358  0.917453  0.030660 
 0.030660  0.030660  0.917453  0.021226 

MOTIF MA0138.2 MA0138.2
letter-probability matrix: alength= 4 w= 21 nsites= 1591 E= 0
 0.132695  0.109454  0.230057  0.527795 
 0.036589  0.168499  0.091237  0.703675 
 0.047896  0.854428  0.031564  0.066112 
 0.905936  0.019001  0.058574  0.016489 
 0.021514  0.027795  0.944253  0.006438 
 0.076162  0.609454  0.201162  0.113222 
 0.980057  0.004554  0.007695  0.007695 
 0.002041  0.986966  0.007695  0.003298 
 0.022142  0.921639  0.012720  0.043499 
 0.568624  0.125157  0.101288  0.204931 
 0.136464  0.233825  0.077418  0.552293 
 0.024655  0.004554  0.966237  0.004554 
 0.012720  0.003298  0.982569  0.001413 
 0.876413  0.069881  0.021514  0.032192 
 0.008323  0.799152  0.145886  0.046639 
 0.983197  0.005810  0.004554  0.006438 
 0.026539  0.008323  0.959328  0.005810 
 0.128926  0.631438  0.115107  0.124529 
 0.230057  0.019629  0.431690  0.318624 
 0.133951  0.586840  0.200534  0.078675 
 0.112594  0.700534  0.023398  0.163474 

MOTIF MA0002.2 MA0002.2
letter-probability matrix: alength= 4 w= 11 nsites= 2000 E= 0
 0.143553  0.248001  0.347951  0.260495 
 0.117066  0.242504  0.233508  0.406922 
 0.061594  0.535857  0.074588  0.327961 
 0.028611  0.000125  0.003623  0.967641 
 0.000125  0.037606  0.935657  0.026612 
 0.043603  0.063593  0.035107  0.857696 
 0.000125  0.000125  0.993128  0.006622 
 0.008621  0.021114  0.923663  0.046602 
 0.005122  0.200025  0.125562  0.669290 
 0.065592  0.231509  0.040605  0.662294 
 0.250000  0.079085  0.144553  0.526362 

MOTIF MA0065.2 MA0065.2
letter-probability matrix: alength= 4 w= 15 nsites= 857 E= 0
 0.109848  0.369755  0.373252  0.147145 
 0.118007  0.193765  0.148310  0.539918 
 0.452506  0.027098  0.428030  0.092366 
 0.116841  0.003788  0.777681  0.101690 
 0.161131  0.017774  0.781177  0.039918 
 0.168124  0.149476  0.458333  0.224068 
 0.083042  0.631993  0.207751  0.077214 
 0.947844  0.024767  0.017774  0.009615 
 0.604021  0.056235  0.312646  0.027098 
 0.824301  0.006119  0.158800  0.010781 
 0.094697  0.002622  0.888403  0.014277 
 0.048077  0.010781  0.802156  0.138986 
 0.025932  0.114510  0.304487  0.555070 
 0.063228  0.643648  0.166958  0.126166 
 0.782343  0.067890  0.055070  0.094697 

MOTIF MA0151.1 MA0151.1
letter-probability matrix: alength= 4 w= 6 nsites= 27 E= 0
 0.973214  0.008929  0.008929  0.008929 
 0.008929  0.008929  0.008929  0.973214 
 0.044643  0.330357  0.008929  0.616071 
 0.973214  0.008929  0.008929  0.008929 
 0.973214  0.008929  0.008929  0.008929 
 0.723214  0.008929  0.044643  0.223214 

MOTIF MA0155.1 MA0155.1
letter-probability matrix: alength= 4 w= 12 nsites= 24 E= 0
 0.050000  0.010000  0.170000  0.770000 
 0.010000  0.010000  0.810000  0.170000 
 0.010000  0.330000  0.130000  0.530000 
 0.250000  0.610000  0.010000  0.130000 
 0.650000  0.010000  0.010000  0.330000 
 0.010000  0.010000  0.970000  0.010000 
 0.010000  0.050000  0.930000  0.010000 
 0.010000  0.010000  0.970000  0.010000 
 0.010000  0.010000  0.970000  0.010000 
 0.010000  0.090000  0.650000  0.250000 
 0.130000  0.650000  0.010000  0.210000 
 0.410000  0.010000  0.490000  0.090000 

MOTIF MA0159.1 MA0159.1
letter-probability matrix: alength= 4 w= 17 nsites= 23 E= 0
 0.510417  0.010417  0.468750  0.010417 
 0.010417  0.010417  0.968750  0.010417 
 0.052083  0.010417  0.552083  0.385417 
 0.010417  0.010417  0.052083  0.927083 
 0.010417  0.760417  0.135417  0.093750 
 0.927083  0.010417  0.052083  0.010417 
 0.177083  0.302083  0.218750  0.302083 
 0.218750  0.343750  0.385417  0.052083 
 0.218750  0.177083  0.468750  0.135417 
 0.552083  0.052083  0.302083  0.093750 
 0.218750  0.260417  0.510417  0.010417 
 0.718750  0.135417  0.135417  0.010417 
 0.052083  0.052083  0.843750  0.052083 
 0.010417  0.052083  0.677083  0.260417 
 0.093750  0.052083  0.135417  0.718750 
 0.052083  0.718750  0.135417  0.093750 
 0.885417  0.010417  0.052083  0.052083 

MOTIF MA0163.1 MA0163.1
letter-probability matrix: alength= 4 w= 14 nsites= 18 E= 0
 0.013158  0.013158  0.960526  0.013158 
 0.171053  0.013158  0.750000  0.065789 
 0.013158  0.013158  0.960526  0.013158 
 0.013158  0.013158  0.907895  0.065789 
 0.013158  0.750000  0.223684  0.013158 
 0.013158  0.802632  0.065789  0.118421 
 0.223684  0.539474  0.065789  0.171053 
 0.644737  0.013158  0.013158  0.328947 
 0.592105  0.276316  0.118421  0.013158 
 0.118421  0.013158  0.750000  0.118421 
 0.013158  0.013158  0.960526  0.013158 
 0.013158  0.013158  0.960526  0.013158 
 0.013158  0.013158  0.855263  0.118421 
 0.118421  0.013158  0.855263  0.013158 

MOTIF MA0164.1 MA0164.1
letter-probability matrix: alength= 4 w= 7 nsites= 23 E= 0
 0.177083  0.510417  0.093750  0.218750 
 0.968750  0.010417  0.010417  0.010417 
 0.968750  0.010417  0.010417  0.010417 
 0.010417  0.052083  0.927083  0.010417 
 0.010417  0.968750  0.010417  0.010417 
 0.010417  0.010417  0.010417  0.968750 
 0.010417  0.010417  0.010417  0.968750 

MOTIF MA0165.1 MA0165.1
letter-probability matrix: alength= 4 w= 7 nsites= 21 E= 0
 0.056818  0.011364  0.011364  0.920455 
 0.011364  0.011364  0.011364  0.965909 
 0.238636  0.011364  0.011364  0.738636 
 0.965909  0.011364  0.011364  0.011364 
 0.011364  0.147727  0.011364  0.829545 
 0.147727  0.011364  0.511364  0.329545 
 0.602273  0.011364  0.238636  0.147727 

MOTIF MA0166.1 MA0166.1
letter-probability matrix: alength= 4 w= 7 nsites= 16 E= 0
 0.073529  0.073529  0.014706  0.838235 
 0.014706  0.014706  0.014706  0.955882 
 0.955882  0.014706  0.014706  0.014706 
 0.955882  0.014706  0.014706  0.014706 
 0.014706  0.014706  0.014706  0.955882 
 0.014706  0.014706  0.544118  0.426471 
 0.897059  0.014706  0.073529  0.014706 

MOTIF MA0167.1 MA0167.1
letter-probability matrix: alength= 4 w= 7 nsites= 40 E= 0
 0.079268  0.396341  0.006098  0.518293 
 0.030488  0.006098  0.006098  0.957317 
 0.810976  0.006098  0.176829  0.006098 
 0.981707  0.006098  0.006098  0.006098 
 0.006098  0.006098  0.030488  0.957317 
 0.006098  0.006098  0.201220  0.786585 
 0.835366  0.006098  0.103659  0.054878 

MOTIF MA0168.1 MA0168.1
letter-probability matrix: alength= 4 w= 7 nsites= 21 E= 0
 0.193182  0.193182  0.011364  0.602273 
 0.011364  0.011364  0.011364  0.965909 
 0.965909  0.011364  0.011364  0.011364 
 0.965909  0.011364  0.011364  0.011364 
 0.375000  0.011364  0.011364  0.602273 
 0.056818  0.329545  0.011364  0.602273 
 0.056818  0.011364  0.920455  0.011364 

MOTIF MA0169.1 MA0169.1
letter-probability matrix: alength= 4 w= 7 nsites= 21 E= 0
 0.284091  0.102273  0.056818  0.556818 
 0.011364  0.011364  0.011364  0.965909 
 0.965909  0.011364  0.011364  0.011364 
 0.965909  0.011364  0.011364  0.011364 
 0.238636  0.011364  0.011364  0.738636 
 0.147727  0.056818  0.102273  0.693182 
 0.011364  0.011364  0.965909  0.011364 

MOTIF MA0170.1 MA0170.1
letter-probability matrix: alength= 4 w= 7 nsites= 19 E= 0
 0.062500  0.062500  0.012500  0.862500 
 0.012500  0.012500  0.012500  0.962500 
 0.862500  0.012500  0.012500  0.112500 
 0.962500  0.012500  0.012500  0.012500 
 0.312500  0.112500  0.012500  0.562500 
 0.012500  0.162500  0.312500  0.512500 
 0.512500  0.012500  0.462500  0.012500 

MOTIF MA0171.1 MA0171.1
letter-probability matrix: alength= 4 w= 7 nsites= 13 E= 0
 0.017857  0.232143  0.017857  0.732143 
 0.017857  0.017857  0.017857  0.946429 
